52 0.406532 0.135698 0.0515781 0.0819363
58 0.875582 0.366795 0.0564525 0.0900966
50 0.781632 0.139214 0.0567829 0.0882457
42 0.594498 0.366225 0.0573206 0.0917409
60 0.688116 0.365159 0.0564793 0.0883035
62 0.781154 0.365556 0.0551792 0.0872968
44 0.406379 0.365761 0.0561822 0.0906953
28 0.12615 0.592333 0.0586332 0.092353
36 0.313856 0.131449 0.0536917 0.0725238
54 0.687973 0.13725 0.0562186 0.0814023
36 0.423812 0.825561 0.0394475 0.0590831
58 0.553908 0.591254 0.055142 0.0881052
30 0.233843 0.592338 0.0565561 0.0897389
43 0.874743 0.590286 0.0549992 0.0880586
50 0.125877 0.363892 0.0554309 0.088901
56 0.312603 0.36616 0.0536867 0.0875642
54 0.728666 0.828343 0.0416593 0.0637642
34 0.576372 0.828151 0.0399256 0.0642458
22 0.803409 0.829124 0.0410782 0.0665881
32 0.270579 0.827785 0.0409441 0.064312
34 0.50024 0.136249 0.0543712 0.0828962
46 0.500697 0.365616 0.0555845 0.0899167
34 0.881662 0.829623 0.0409952 0.0672838
38 0.499969 0.827843 0.0404151 0.0635574
38 0.406281 0.135959 0.052222 0.082194
38 0.652313 0.827796 0.0413253 0.0614394
15 0.119423 0.828794 0.0384483 0.0632956
34 0.875636 0.138505 0.0551812 0.0873402
15 0.445944 0.591568 0.0543767 0.0877943
56 0.22458 0.367677 0.0662263 0.0951102
41 0.339394 0.590183 0.0544023 0.089554
22 0.196082 0.828545 0.0404367 0.0654354
52 0.594149 0.135799 0.0531785 0.0804629
57 0.119077 0.829539 0.0414168 0.0641253
38 0.59462 0.135813 0.0538292 0.0807368
20 0.876212 0.137431 0.0558208 0.0863208
45 0.660233 0.590511 0.0559742 0.0876293
20 0.880946 0.829288 0.0456708 0.070582
48 0.218863 0.136789 0.051919 0.0838158
48 0.348675 0.827986 0.0436647 0.0630612
32 0.125831 0.135539 0.0545217 0.0839783
52 0.406532 0.135698 0.0515781 0.0819363
58 0.875582 0.366795 0.0564525 0.0900966
50 0.781632 0.139214 0.0567829 0.0882457
42 0.594498 0.366225 0.0573206 0.0917409
60 0.688116 0.365159 0.0564793 0.0883035
62 0.781154 0.365556 0.0551792 0.0872968
44 0.406379 0.365761 0.0561822 0.0906953
28 0.12615 0.592333 0.0586332 0.092353
36 0.313856 0.131449 0.0536917 0.0725238
54 0.687973 0.13725 0.0562186 0.0814023
36 0.423812 0.825561 0.0394475 0.0590831
58 0.553908 0.591254 0.055142 0.0881052
30 0.233843 0.592338 0.0565561 0.0897389
43 0.874743 0.590286 0.0549992 0.0880586
50 0.125877 0.363892 0.0554309 0.088901
56 0.312603 0.36616 0.0536867 0.0875642
54 0.728666 0.828343 0.0416593 0.0637642
34 0.576372 0.828151 0.0399256 0.0642458
22 0.803409 0.829124 0.0410782 0.0665881
32 0.270579 0.827785 0.0409441 0.064312
34 0.50024 0.136249 0.0543712 0.0828962
46 0.500697 0.365616 0.0555845 0.0899167
34 0.881662 0.829623 0.0409952 0.0672838
38 0.499969 0.827843 0.0404151 0.0635574
38 0.406281 0.135959 0.052222 0.082194
38 0.652313 0.827796 0.0413253 0.0614394
15 0.119423 0.828794 0.0384483 0.0632956
34 0.875636 0.138505 0.0551812 0.0873402
15 0.445944 0.591568 0.0543767 0.0877943
56 0.22458 0.367677 0.0662263 0.0951102
41 0.339394 0.590183 0.0544023 0.089554
22 0.196082 0.828545 0.0404367 0.0654354
52 0.594149 0.135799 0.0531785 0.0804629
57 0.119077 0.829539 0.0414168 0.0641253
38 0.59462 0.135813 0.0538292 0.0807368
20 0.876212 0.137431 0.0558208 0.0863208
45 0.660233 0.590511 0.0559742 0.0876293
20 0.880946 0.829288 0.0456708 0.070582
48 0.218863 0.136789 0.051919 0.0838158
48 0.348675 0.827986 0.0436647 0.0630612
32 0.125831 0.135539 0.0545217 0.0839783
52 0.406532 0.135698 0.0515781 0.0819363
58 0.875582 0.366795 0.0564525 0.0900966
50 0.781632 0.139214 0.0567829 0.0882457
42 0.594498 0.366225 0.0573206 0.0917409
60 0.688116 0.365159 0.0564793 0.0883035
62 0.781154 0.365556 0.0551792 0.0872968
44 0.406379 0.365761 0.0561822 0.0906953
28 0.12615 0.592333 0.0586332 0.092353
36 0.313856 0.131449 0.0536917 0.0725238
54 0.687973 0.13725 0.0562186 0.0814023
36 0.423812 0.825561 0.0394475 0.0590831
58 0.553908 0.591254 0.055142 0.0881052
30 0.233843 0.592338 0.0565561 0.0897389
43 0.874743 0.590286 0.0549992 0.0880586
50 0.125877 0.363892 0.0554309 0.088901
56 0.312603 0.36616 0.0536867 0.0875642
54 0.728666 0.828343 0.0416593 0.0637642
34 0.576372 0.828151 0.0399256 0.0642458
22 0.803409 0.829124 0.0410782 0.0665881
32 0.270579 0.827785 0.0409441 0.064312
34 0.50024 0.136249 0.0543712 0.0828962
46 0.500697 0.365616 0.0555845 0.0899167
34 0.881662 0.829623 0.0409952 0.0672838
38 0.499969 0.827843 0.0404151 0.0635574
38 0.406281 0.135959 0.052222 0.082194
38 0.652313 0.827796 0.0413253 0.0614394
15 0.119423 0.828794 0.0384483 0.0632956
34 0.875636 0.138505 0.0551812 0.0873402
15 0.445944 0.591568 0.0543767 0.0877943
56 0.22458 0.367677 0.0662263 0.0951102
41 0.339394 0.590183 0.0544023 0.089554
22 0.196082 0.828545 0.0404367 0.0654354
52 0.594149 0.135799 0.0531785 0.0804629
57 0.119077 0.829539 0.0414168 0.0641253
38 0.59462 0.135813 0.0538292 0.0807368
20 0.876212 0.137431 0.0558208 0.0863208
45 0.660233 0.590511 0.0559742 0.0876293
20 0.880946 0.829288 0.0456708 0.070582
48 0.218863 0.136789 0.051919 0.0838158
48 0.348675 0.827986 0.0436647 0.0630612
32 0.125831 0.135539 0.0545217 0.0839783
